50.00,50.00
50.44,50.09
50.87,50.17
51.31,50.26
51.74,50.35
52.18,50.44
52.61,50.52
53.05,50.61
53.48,50.70
53.91,50.78
54.34,50.87
54.77,50.95
55.20,51.04
55.62,51.12
56.05,51.21
56.47,51.29
56.89,51.38
57.31,51.46
57.73,51.55
58.14,51.63
58.55,51.71
58.96,51.79
59.37,51.87
59.77,51.95
60.17,52.03
60.57,52.11
60.96,52.19
61.35,52.27
61.74,52.35
62.12,52.42
62.50,52.50
62.88,52.58
63.25,52.65
63.62,52.72
63.98,52.80
64.34,52.87
64.69,52.94
65.05,53.01
65.39,53.08
65.73,53.15
66.07,53.21
66.40,53.28
66.73,53.35
67.05,53.41
67.37,53.47
67.68,53.54
67.98,53.60
68.28,53.66
68.58,53.72
68.87,53.77
69.15,53.83
69.43,53.89
69.70,53.94
69.97,53.99
70.23,54.05
70.48,54.10
70.73,54.15
70.97,54.19
71.20,54.24
71.43,54.29
71.65,54.33
71.87,54.37
72.07,54.41
72.28,54.46
72.47,54.49
72.66,54.53
72.84,54.57
73.01,54.60
73.18,54.64
73.34,54.67
73.49,54.70
73.64,54.73
73.78,54.76
73.91,54.78
74.03,54.81
74.15,54.83
74.26,54.85
74.36,54.87
74.45,54.89
74.54,54.91
74.62,54.92
74.69,54.94
74.76,54.95
74.81,54.96
74.86,54.97
74.90,54.98
74.94,54.99
74.97,54.99
74.98,55.00
75.00,55.00
75.00,55.00
75.00,55.00
74.98,55.00
74.97,54.99
74.94,54.99
74.90,54.98
74.86,54.97
74.81,54.96
74.76,54.95
74.69,54.94
74.62,54.92
74.54,54.91
74.45,54.89
74.36,54.87
74.26,54.85
74.15,54.83
74.03,54.81
73.91,54.78
73.78,54.76
73.64,54.73
73.49,54.70
73.34,54.67
73.18,54.64
73.01,54.60
72.84,54.57
72.66,54.53
72.47,54.49
72.28,54.46
72.07,54.41
71.87,54.37
71.65,54.33
71.43,54.29
71.20,54.24
70.97,54.19
70.73,54.15
70.48,54.10
70.23,54.05
69.97,53.99
69.70,53.94
69.43,53.89
69.15,53.83
68.87,53.77
68.58,53.72
68.28,53.66
67.98,53.60
67.68,53.54
67.37,53.47
67.05,53.41
66.73,53.35
66.40,53.28
66.07,53.21
65.73,53.15
65.39,53.08
65.05,53.01
64.69,52.94
64.34,52.87
63.98,52.80
63.62,52.72
63.25,52.65
62.88,52.58
62.50,52.50
62.12,52.42
61.74,52.35
61.35,52.27
60.96,52.19
60.57,52.11
60.17,52.03
59.77,51.95
59.37,51.87
58.96,51.79
58.55,51.71
58.14,51.63
57.73,51.55
57.31,51.46
56.89,51.38
56.47,51.29
56.05,51.21
55.62,51.12
55.20,51.04
54.77,50.95
54.34,50.87
53.91,50.78
53.48,50.70
53.05,50.61
52.61,50.52
52.18,50.44
51.74,50.35
51.31,50.26
50.87,50.17
50.44,50.09
50.00,50.00
49.56,49.91
49.13,49.83
48.69,49.74
48.26,49.65
47.82,49.56
47.39,49.48
46.95,49.39
46.52,49.30
46.09,49.22
45.66,49.13
45.23,49.05
44.80,48.96
44.38,48.88
43.95,48.79
43.53,48.71
43.11,48.62
42.69,48.54
42.27,48.45
41.86,48.37
41.45,48.29
41.04,48.21
40.63,48.13
40.23,48.05
39.83,47.97
39.43,47.89
39.04,47.81
38.65,47.73
38.26,47.65
37.88,47.58
37.50,47.50
37.12,47.42
36.75,47.35
36.38,47.28
36.02,47.20
35.66,47.13
35.31,47.06
34.95,46.99
34.61,46.92
34.27,46.85
33.93,46.79
33.60,46.72
33.27,46.65
32.95,46.59
32.63,46.53
32.32,46.46
32.02,46.40
31.72,46.34
31.42,46.28
31.13,46.23
30.85,46.17
30.57,46.11
30.30,46.06
30.03,46.01
29.77,45.95
29.52,45.90
29.27,45.85
29.03,45.81
28.80,45.76
28.57,45.71
28.35,45.67
28.13,45.63
27.93,45.59
27.72,45.54
27.53,45.51
27.34,45.47
27.16,45.43
26.99,45.40
26.82,45.36
26.66,45.33
26.51,45.30
26.36,45.27
26.22,45.24
26.09,45.22
25.97,45.19
25.85,45.17
25.74,45.15
25.64,45.13
25.55,45.11
25.46,45.09
25.38,45.08
25.31,45.06
25.24,45.05
25.19,45.04
25.14,45.03
25.10,45.02
25.06,45.01
25.03,45.01
25.02,45.00
25.00,45.00
25.00,45.00
25.00,45.00
25.02,45.00
25.03,45.01
25.06,45.01
25.10,45.02
25.14,45.03
25.19,45.04
25.24,45.05
25.31,45.06
25.38,45.08
25.46,45.09
25.55,45.11
25.64,45.13
25.74,45.15
25.85,45.17
25.97,45.19
26.09,45.22
26.22,45.24
26.36,45.27
26.51,45.30
26.66,45.33
26.82,45.36
26.99,45.40
27.16,45.43
27.34,45.47
27.53,45.51
27.72,45.54
27.93,45.59
28.13,45.63
28.35,45.67
28.57,45.71
28.80,45.76
29.03,45.81
29.27,45.85
29.52,45.90
29.77,45.95
30.03,46.01
30.30,46.06
30.57,46.11
30.85,46.17
31.13,46.23
31.42,46.28
31.72,46.34
32.02,46.40
32.32,46.46
32.63,46.53
32.95,46.59
33.27,46.65
33.60,46.72
33.93,46.79
34.27,46.85
34.61,46.92
34.95,46.99
35.31,47.06
35.66,47.13
36.02,47.20
36.38,47.28
36.75,47.35
37.12,47.42
37.50,47.50
37.88,47.58
38.26,47.65
38.65,47.73
39.04,47.81
39.43,47.89
39.83,47.97
40.23,48.05
40.63,48.13
41.04,48.21
41.45,48.29
41.86,48.37
42.27,48.45
42.69,48.54
43.11,48.62
43.53,48.71
43.95,48.79
44.38,48.88
44.80,48.96
45.23,49.05
45.66,49.13
46.09,49.22
46.52,49.30
46.95,49.39
47.39,49.48
47.82,49.56
48.26,49.65
48.69,49.74
49.13,49.83
49.56,49.91
50.00,50.00
